45264758
14273816
24458005
44209963
12434223
14181021
48980407
35263638
11117284
56594988
27182518
40474523
56984832
28764596
58486163
49840137
42806104
36147185
17096543
8961118
33908738
19519611
27629687
17510763
9553159
25251505
39137928
14006492
20298372
5931822
17216731
29653665
866372
49397859
26283404
15301485
17687568
47426628
22729793
57245030
30078603
50065123
21513998
10451230
5304098
30977985
43556757
25336011
25343593
5332661
50331166
23520186
15851268
42669103
57497553
28749253
48420407
52986456
15006579
57823344
24413861
45073908
9468318
51768733
19671678
4042498
21937045
43396352
21066797
57229596
4389357
31628655
8421499
56094621
21718897
40720452
25964103
23775122
31672407
46887462
12673335
4573311
38842832
57797163
19958275
57673830
12492138
16580470
36543425
8987412
9546153
32691974
38960159
49490762
38485118
47509492
48065673
20843165
32352646
53178568
13410416
29385544
6468454
28000665
33407455
3635433
32338239
28112610
21007271
6944604
22011597
14601289
26232596
48235962
5071056
48024690
46839298
28004027
2469014
25701209
39547234
18276052
42338994
35298170
16138342
36575375
23960852
9897568
17818692
15717843
17856233
8714160
489661
50888504
55299482
53887505
57446769
52356423
14886570
37348128
13728612
9113738
41946911
57119645
10123704
31017216
57659929
34144283
42193406
20414186
34177613
16734161
49858796
5691278
5788353
28120207
161449
39458273
13696971
1236799
24149608
57239499
37429330
32932762
1241061
36679104
4230844
1181121
37650030
11922975
47276895
41453079
25805099
11559607
32610053
41322550
18373389
45502984
30355983
52188105
45867864
19919073
4264438
28670329
8547812
53076886
16253617
843476
53515808
7583941
49313945
46678590
13601219
10728416
6368568
44561746
52152318
18105757
31999845
17784726
56841414
57319035
38684501
51458753
55687272
52830154
36384901
36546271
25651022
45662367
53019508
56841271
20895620
10825956
18841055
55682897
27620511
8013421
56870881
47964554
20578429
28655470
2313441
23144928
8925641
11115723
46441341
19138656
16501573
9970555
32383764
56550361
30736501
7675833
8753766
57309670
8708256
26992296
34595827
24414295
25540969
56679586
36725163
9666776
15995532
14155547
39209498
46821081
13368551
29029834
10025206
51045796
49410540
32678375
140399
27974331
