3014863
14273816
14425383
8828727
12434223
14181021
18097793
15521148
11117284
18555870
12587187
340035
5275456
14637017
13922447
17247116
13145924
16749106
17096543
8961118
21289916
19519611
5789099
17510763
9553159
2713728
17944250
14006492
20298372
5931822
17216731
19167345
866372
12757704
2386371
15301485
17687568
7129192
1560115
16229733
19628068
7631485
16014399
10451230
5304098
11311751
10723046
19486710
17024810
5332661
13712884
2250438
15851268
17907707
18847602
19851816
9576244
534328
15006579
20652719
5905600
7849724
9468318
6993440
19671678
4042498
12961573
5757522
21066797
18943739
4389357
9698024
8421499
18249093
1522847
12375673
7927417
3272867
13854386
10345318
12673335
4573311
17258366
11743116
19958275
1149204
12492138
16580470
12282654
8987412
9546153
19068653
13721613
11419597
13870367
19405655
6212812
20843165
9854685
9416639
13410416
3948167
6468454
8205288
3517975
3635433
7726112
13142468
21007271
6944604
4020388
14601289
8410830
20413134
5071056
9834216
6667575
19762492
2469014
11011456
16854677
18276052
4357263
5496324
16138342
3782689
13299909
9897568
17818692
15717843
17856233
8714160
489661
19220322
15559794
9335565
3648630
13307537
14886570
19544045
13728612
9113738
5078549
12791457
10123704
7343417
20774395
7729914
11091080
20414186
18568473
16734161
20414898
5691278
5788353
15606471
161449
19834914
13696971
1236799
19973643
15175314
10689914
12636785
1241061
8069537
4230844
1181121
10388848
11922975
20766474
5120283
3615263
11559607
7864560
19905989
18373389
14481909
7986856
12151423
18659543
19919073
4264438
4788382
8547812
18062902
16253617
843476
13158899
7583941
138853
8923152
13601219
10728416
6368568
10999736
8029967
18105757
9255733
17784726
2485265
20864114
15293968
14177150
12557729
17528961
8568404
1311493
12847889
11239651
11035326
267746
20895620
10825956
18841055
5707720
17085989
8013421
5491516
1016123
20578429
14847933
2313441
1849544
8925641
11115723
12287026
19138656
16501573
9970555
7848937
18050006
7591420
7675833
8753766
4047859
8708256
9148840
13156469
18585213
10082051
17056655
21236360
9666776
15995532
14155547
11762211
18977677
13368551
794309
10025206
18386700
8939731
13430638
140399
3036700
