1002999
2177752
860023
332895
2817017
2190548
1161639
1061624
2659006
2699881
490368
340035
670645
2572753
1999415
1965322
2590662
558396
1026787
925365
416483
1602783
1974600
2440080
2099900
2713728
2494392
1201549
682267
2871611
2414115
1143909
866372
124638
2386371
699879
1786260
2412264
1560115
839421
2097081
2909837
2494237
108691
753840
2327702
2219673
1852596
1583500
262472
2944964
2250438
1206919
194199
2350600
382410
1427263
534328
1938633
1132847
877190
1210928
2417144
740789
103105
2042301
1487909
1488479
1009764
2480706
2309129
463182
363252
870499
1522847
2722095
598388
2345499
1405815
828179
2909907
1322743
171297
124803
1188641
1149204
1018403
1597223
1204804
2905442
1801769
2568808
954733
1539798
834792
2868288
2173986
1506291
2422311
1093730
1819471
2782566
2822535
2182015
37460
75881
256365
989063
1302191
1845788
2262
2716665
308825
1574393
933255
808352
143918
2915825
2469014
1697485
1120827
1405333
2907453
2655237
2703657
2050541
2684500
1460723
2763520
2679253
1780524
737368
489661
153225
1137220
1847426
233083
2518454
2098185
1616296
944030
2947364
2429630
1935528
1213198
2651611
150636
1843494
248370
2985823
794767
1566145
2825683
2448614
2384018
2689755
161449
1436550
697525
1236799
1774254
573650
2327978
2732366
1241061
240200
2156743
1181121
491419
728954
1482574
843399
1075344
2747013
2840613
1782653
486849
1729770
88371
2078215
1882352
951340
839071
2029277
2908283
2962719
1259782
843476
823384
460915
138853
2171251
141942
1962801
463262
1611097
2172045
595077
2779668
1432480
2485265
1947333
1954853
1392854
988666
948368
1970459
1311493
1573262
802037
2255770
267746
690574
411427
276768
1229623
2669613
2620506
1083583
1016123
2796252
2291100
2313441
1849544
1445619
435591
2664017
990389
2432183
1427247
2450101
92049
2226808
2347029
2294718
1628335
227214
539526
805365
1405241
2693092
2654576
613913
1858572
1515397
1685375
521724
684163
1850978
794309
76271
328720
1026434
2431681
140399
2943195
